rank,uri,artist_names,track_name,source,peak_rank,previous_rank,days_on_chart,streams
1,"spotify:track:6dOtVTDdiauQNBQEDOtlAB","Billie Eilish","BIRDS OF A FEATHER","Darkroom/Interscope Records",1,1,89,"9293833"
2,"spotify:track:7tI8dRuH2Yc6RuoTjxo4dU","Jimin","Who","BIGHIT MUSIC",1,2,26,"8464803"
3,"spotify:track:2qSkIjg1o9h3YT9RAgYN75","Sabrina Carpenter","Espresso","Island Records",1,3,124,"6158041"
4,"spotify:track:5N3hjp1WNayUPZrA8kJmJP","Sabrina Carpenter","Please Please Please","Island Records",1,4,68,"5778641"
5,"spotify:track:0WbMK4wrZ1wFSty9F7FCgu","Chappell Roan","Good Luck, Babe!","Chappell Roan PS/ Island",5,5,127,"5594769"
6,"spotify:track:6WatFBLVB0x077xWeoVc2k","KAROL G","Si Antes Te Hubiera Conocido","Bichota/Interscope Records",4,6,54,"5542167"
7,"spotify:track:0OA00aPt3BV10qeMIs3meW","Hanumankind, Kalmi","Big Dawgs","Universal Music India Pvt Ltd.",7,7,17,"4686766"
8,"spotify:track:3WOhcATHxK2SLNeP5W3v1v","Charli xcx, Billie Eilish","Guess featuring billie eilish","Atlantic Records",3,8,12,"4600731"
9,"spotify:track:3xkHsmpQCBMytMJNiDf3Ii","Benson Boone","Beautiful Things","Night Street Records, Inc./Warner Records Inc.",1,9,208,"4381176"
10,"spotify:track:62bOmKYxYg7dhrC6gH9vFn","*NSYNC","Bye Bye Bye - From Deadpool and Wolverine Soundtrack","Jive",8,10,19,"4066427"
11,"spotify:track:2esZG2XFtuoWWA9AfDvSxy","FloyyMenor, Cris Mj","Gata Only","FloyyMenor under exclusive license to UnitedMasters LLC",2,13,184,"3954942"
12,"spotify:track:5fZJQrFKWQLb7FpJXZ1g7K","Shaboozey","A Bar Song (Tipsy)","American Dogwood / EMPIRE",5,11,121,"3925297"
13,"spotify:track:6AI3ezQ4o3HUoP6Dhudph3","Kendrick Lamar","Not Like Us","Kendrick Lamar, under exclusive license to Interscope Records",1,12,101,"3921542"
14,"spotify:track:5Z0UnEtpLDQyYlWwgi8m9C","Hozier","Too Sweet","Rubyworks / Universal-Island Records Ltd",2,14,145,"3817701"
15,"spotify:track:5496lks6V3fh1mZAB6IAap","Sevdaliza, Pabllo Vittar, Yseult","Alibi (with Pabllo Vittar & Yseult)","Twisted Elegance",12,15,47,"3693807"
16,"spotify:track:5AJ9hqTS2wcFQCELCFRO7A","Tommy Richman","MILLION DOLLAR BABY","PULSE Records",1,16,110,"3569374"
17,"spotify:track:7221xIgOnuakPdLqT0F3nP","Post Malone, Morgan Wallen","I Had Some Help (Feat. Morgan Wallen)","Mercury Records/Republic Records",1,17,96,"3336974"
18,"spotify:track:17phhZDn6oGtzMe56NuWvj","Teddy Swims","Lose Control","Warner Records",5,18,272,"3259635"
19,"spotify:track:3hRV0jL3vUpRrcy398teAU","Lord Huron","The Night We Met","Play It Again Sam",19,20,743,"3005338"
20,"spotify:track:1BJJbSX6muJVF2AK7uH1x4","Adam Port, Stryv, Keinemusik, Orso, Malachiii","Move","Keinemusik",17,19,60,"2948520"
21,"spotify:track:3qhlB30KknSejmIvZZLjOD","Djo","End of Beginning","Djo",1,21,179,"2927399"
22,"spotify:track:1BxfuPKGuaTgP7aM0Bbdwr","Taylor Swift","Cruel Summer","Taylor Swift",2,24,555,"2853514"
23,"spotify:track:7CyPwkp0oE8Ro9Dd5CUDjW","The Weeknd, JENNIE, Lily-Rose Depp","One Of The Girls (with JENNIE, Lily Rose Depp)","XO / Republic Records",2,22,311,"2843243"
24,"spotify:track:51ZQ1vr10ffzbwIjDCwqm4","Ariana Grande","we can't be friends (wait for your love)","Republic Records",1,23,159,"2832896"
25,"spotify:track:3Vr3zh0r7ALn8VLqCiRR10","Myles Smith","Stargazing","RCA Records Label",14,25,96,"2779794"
26,"spotify:track:4xdBrk0nFZaP54vvZj0yx7","Chappell Roan","HOT TO GO!","Chappell Roan PS/ Island",22,26,64,"2764327"
27,"spotify:track:629DixmZGHc7ILtEntuiWE","Billie Eilish","LUNCH","Darkroom/Interscope Records",1,28,89,"2683464"
28,"spotify:track:19RybK6XDbAVpcdxSbZL1o","Charli xcx","Apple","Atlantic Records",27,27,26,"2676404"
29,"spotify:track:5uQ7de4EWjb3rkcFxyEOpu","Mark Ambor","Belong Together","Hundred Days Records, LLC",18,35,141,"2578913"
30,"spotify:track:3JG1uFc40wfyrqaWC7iv0e","Artemas","i like the way you kiss me","Artemas",1,32,147,"2565269"
31,"spotify:track:2uqYupMHANxnwgeiXTZXzd","Dasha","Austin (Boots Stop Workin')","Warner Records",17,29,157,"2555973"
32,"spotify:track:2QjOHCTQ1Jl3zawyYOpxh6","The Neighbourhood","Sweater Weather","Columbia",19,31,1450,"2547939"
33,"spotify:track:2hrycoFU1mZw6YPvMcn8yC","Jordan Adetunji","KEHLANI","300 Entertainment",33,34,53,"2516946"
34,"spotify:track:5XeFesFbtLpXzIVDNQP22n","Arctic Monkeys","I Wanna Be Yours","Domino Recording Co",11,30,769,"2477532"
35,"spotify:track:7bywjHOc0wSjGGbj04XbVi","Feid, ATL Jacob","LUNA","UMLE - Latino",7,36,253,"2468707"
36,"spotify:track:1pymWRCuZfCd0zdiBJo0Hj","Trueno","REAL GANGSTA LOVE","Sony Music Latin",10,33,71,"2459064"
37,"spotify:track:6me7F0aaZjwDo6RJ5MrfBD","Richy Mitch & The Coal Miners","Evergreen","Richy Mitch & The Coal Miners",31,38,214,"2401898"
38,"spotify:track:7BRD7x5pt8Lqa1eGYC4dzj","Billie Eilish","CHIHIRO","Darkroom/Interscope Records",3,40,89,"2371978"
39,"spotify:track:3QaPy1KgI7nu9FJEQUgn6h","Billie Eilish","WILDFLOWER","Darkroom/Interscope Records",11,39,89,"2370862"
40,"spotify:track:1mea3bSkSGXuIRvnydlB5b","Coldplay","Viva La Vida","Parlophone UK",28,37,717,"2352518"
41,"spotify:track:0B7wvvmu9EISAwZnOpjhNI","Bruno Mars","When I Was Your Man","Atlantic Records",28,46,633,"2293863"
42,"spotify:track:5Uptvz6j1sjDKxidAcnH2L","Cris Mj","SI NO ES CONTIGO","Sonar LLC.",30,45,81,"2292468"
43,"spotify:track:6vvPecFTmWxDfEJ6cYT1wa","LISA","Rockstar","Lloud Co./RCA Records",8,44,47,"2247891"
44,"spotify:track:1CDQzbCz4KSQxHe7LMEgRM","Eminem","Houdini","Shady/Aftermath/Interscope Records",2,41,75,"2247089"
45,"spotify:track:51eSHglvG1RJXtL3qI5trr","Benson Boone","Slow It Down","Night Street Records, Inc./Warner Records Inc.",26,42,145,"2243693"
46,"spotify:track:2HRgqmZQC0MC7GeNuDIXHN","Jung Kook, Latto","Seven (feat. Latto) (Explicit Ver.)","BIGHIT MUSIC",1,48,397,"2197873"
47,"spotify:track:42VsgItocQwOQC3XWZ8JNA","Travis Scott, Playboi Carti","FE!N (feat. Playboi Carti)","Cactus Jack/Epic",3,43,338,"2185796"
48,"spotify:track:2OzhQlSqBEmt7hmkYxfT6m","Taylor Swift, Post Malone","Fortnight (feat. Post Malone)","Taylor Swift",1,47,117,"2161054"
49,"spotify:track:1XBYiRV30ykHw5f4wm6qEn","The Kid LAROI","NIGHTS LIKE THIS","Columbia",43,49,52,"2147827"
50,"spotify:track:331l3xABO0HMr1Kkyh2LZq","David Guetta, OneRepublic","I Don't Wanna Wait","Parlophone UK",33,51,128,"2131523"
51,"spotify:track:1fTjqf10accJCDYstPwwZ6","Kapo","Ohnana","Sony Music Latin/La Industria",42,50,29,"2127588"
52,"spotify:track:0mflMxspEfB0VbI1kyLiAv","Noah Kahan","Stick Season","Mercury Records/Republic Records",6,54,309,"2095160"
53,"spotify:track:6a9Z1jUms915w4O7N1PxjY","Rvssian, Rauw Alejandro, Ayra Starr","Santa","Sony Music Latin",12,55,120,"2090573"
54,"spotify:track:4S1VYqwfkLit9mKVY3MXoo","Alphaville","Forever Young","WM Germany",42,52,23,"2060100"
55,"spotify:track:3vkCueOmm7xQDoJ17W1Pm3","Mitski","My Love Mine All Mine","Dead Oceans",2,53,330,"2016871"
56,"spotify:track:1Qrg8KqiBpW07V7PNxwwwL","SZA","Kill Bill","Top Dawg Entertainment/RCA Records",1,57,614,"2002165"
57,"spotify:track:5b3XJ1pjrHO5JtY2PcTjnI","Megan Thee Stallion, Yuki Chiba","Mamushi (feat. Yuki Chiba)","Hot Girl Productions",38,58,42,"1994092"
58,"spotify:track:4w2GLmK2wnioVnb5CPQeex","Charli xcx","360","Atlantic Records",36,63,67,"1957206"
59,"spotify:track:7jtQIBanIiJOMS6RyCx6jZ","Tom Odell","Another Love","ITNO/Columbia",11,61,1217,"1950221"
60,"spotify:track:3tt9i3Hhzq84dPS8H7iSiJ","Manuel Turizo","La Bachata","Sony Music Latin/La Industria",3,62,773,"1948337"
61,"spotify:track:3hUxzQpSfdDqwM3ZTFQY0K","Taylor Swift","august","Taylor Swift",4,59,444,"1944222"
62,"spotify:track:2aYZaN5SmkRDLsrrV8GkBQ","Peso Pluma, Neton Vega","LA PATRULLA","2024 Double P Records",53,66,50,"1936471"
63,"spotify:track:7KA4W4McWYRpgf0fWsJZWB","Tyler, The Creator, Kali Uchis","See You Again (feat. Kali Uchis)","Columbia",13,56,528,"1935872"
64,"spotify:track:6Qyc6fS4DsZjB2mRW9DsQs","The Goo Goo Dolls","Iris","Warner Records",32,60,334,"1933896"
65,"spotify:track:51rfRCiUSvxXlCSCfIztBy","Gracie Abrams","I Love You, I'm Sorry","Gracie Abrams, under exclusive license to Interscope Records",64,64,15,"1925085"
66,"spotify:track:4MSj19TwYBLgDFj3ddEeco","Lost Frequencies, Tom Odell","Black Friday (pretty like the sun)","UROK",66,71,16,"1907023"
67,"spotify:track:5RqSsdzTNPX1uzkmlHCFvK","KAROL G, Peso Pluma","QLONA","Bichota/Interscope Records",4,68,369,"1901435"
68,"spotify:track:4Dvkj6JhhA12EX05fT7y2e","Harry Styles","As It Was","Columbia",1,65,867,"1891320"
69,"spotify:track:2btNsI4OvcVl7SAHQQDHFB","Blessd, Ovy On The Drums","Mírame","WEA Latina",31,73,44,"1881661"
70,"spotify:track:7MXVkk9YMctZqd1Srtv4MB","The Weeknd, Daft Punk","Starboy","Universal Republic Records",1,72,1409,"1879938"
71,"spotify:track:1k2pQc5i348DCHwbn5KTdc","Chappell Roan","Pink Pony Club","Chappell Roan PS/ Island",69,69,49,"1872334"
72,"spotify:track:1C84d9abZVKWHT2YYpoean","Luis R Conriquez, Neton Vega","Si No Quieres No","Kartel Music",21,67,125,"1866540"
73,"spotify:track:0VjIjW4GlUZAMYd2vXMi3b","The Weeknd","Blinding Lights","Republic Records",1,78,1720,"1839427"
74,"spotify:track:0bPP5cDG1ZnbAVCEa3ZbQ1","Grelo","Só Fé","Henrique & Juliano",59,90,5,"1832530"
75,"spotify:track:1imaIe1NEAaWnLF0BY0V6F","Dionela, Jay R","sining (feat. Jay R)","Universal Music Philippines Inc.",60,75,24,"1815594"
76,"spotify:track:7FOgcfdz9Nx5V9lCNXdBYv","Chappell Roan","Red Wine Supernova","Chappell Roan PS/ Island",68,80,65,"1800086"
77,"spotify:track:0h3Xy4V4apMraB5NuM8U7Z","CYRIL","Stumblin' In","Spinnin' Records",47,77,143,"1792769"
78,"spotify:track:2WfaOiMkCvy7F5fcp2zZ8L","a-ha","Take on Me","Rhino",39,76,359,"1790475"
79,"spotify:track:2LawezPeJhN4AWuSB0GtAU","Creedence Clearwater Revival","Have You Ever Seen The Rain","Craft Recordings",64,84,353,"1781549"
80,"spotify:track:3rUGC1vUpkDG9CZFHMur1t","Tate McRae","greedy","RCA Records Label",1,74,334,"1779099"
81,"spotify:track:6RUKPb4LETWmmr3iAEQktW","The Chainsmokers, Coldplay","Something Just Like This","Disruptor Records/Columbia",2,87,1530,"1773884"
82,"spotify:track:3U5JVgI2x4rDyHGObzJfNf","Natasha Bedingfield","Unwritten","Sony Music CG",14,79,216,"1770600"
83,"spotify:track:7qEHsqek33rTcFNT9PFqLf","Lewis Capaldi","Someone You Loved","Vertigo Berlin",4,82,2032,"1760794"
84,"spotify:track:4KULAymBBJcPRpk1yO4dOG","Zach Bryan, Kacey Musgraves","I Remember Everything (feat. Kacey Musgraves)","Warner Records",13,70,354,"1759697"
85,"spotify:track:7iabz12vAuVQYyekFIWJxD","Central Cee, Lil Baby","BAND4BAND (feat. Lil Baby)","Columbia",11,81,82,"1744110"
86,"spotify:track:1bjeWoagtHmUKputLVyDxQ","SZA","Saturn","Top Dawg Entertainment/RCA Records",12,83,173,"1734733"
87,"spotify:track:3AJwUDP919kvQ9QcozQPxg","Coldplay","Yellow","Parlophone UK",29,86,1321,"1724947"
88,"spotify:track:4q5YezDOIPcoLr8R81x9qy","Taylor Swift","I Can Do It With a Broken Heart","Taylor Swift",3,85,117,"1721889"
89,"spotify:track:4SqWKzw0CbA05TGszDgMlc","The Walters","I Love You So","Warner Records",18,89,822,"1720734"
90,"spotify:track:5AH31dDNgxCMGDdxubNNn4","Fuerza Regida","NEL","Rancho Humilde/Street Mob Records",90,94,7,"1703828"
91,"spotify:track:3Pbp7cUCx4d3OAkZSCoNvn","Michael Marcagi","Scared To Start","Warner Records",22,92,197,"1683750"
92,"spotify:track:5uCax9HTNlzGybIStD3vDh","James Arthur","Say You Won't Let Go","Columbia",7,93,2218,"1661627"
93,"spotify:track:567e29TDzLwZwfDuEpGTwo","The Kid LAROI, Justin Bieber","STAY (with Justin Bieber)","Columbia",1,110,1074,"1658114"
94,"spotify:track:505v13epFXodT9fVAJ6h8k","KAROL G","AMARGURA","BICHOTA RECORDS / INTERSCOPE RECORDS / UNIVERSAL MUSIC LATINO",50,88,445,"1651118"
95,"spotify:track:5O2P9iiztwhomNh8xkR9lJ","One Direction","Night Changes","Syco Music",71,103,677,"1636832"
96,"spotify:track:0u2P5u6lvoDfwTYjAADbn4","Billie Eilish, Khalid","lovely (with Khalid)","Darkroom",19,104,2295,"1619747"
97,"spotify:track:0FDzzruyVECATHXKHFs9eJ","Coldplay","A Sky Full of Stars","Parlophone UK",81,96,102,"1618462"
98,"spotify:track:4uUG5RXrOk84mYEfFvj3cK","David Guetta, Bebe Rexha","I'm Good (Blue)","Parlophone UK",1,97,717,"1615955"
99,"spotify:track:63pLfjK6FvcYJYMGwtHjd6","Feid","SORRY 4 THAT MUCH","FEID",31,109,68,"1602588"
100,"spotify:track:5crxqqibcvoOQQgg4HjAFQ","Post Malone, Luke Combs","Guy For That (Feat. Luke Combs)","Mercury Records/Republic Records",17,98,19,"1601271"
101,"spotify:track:46IZ0fSY2mpAiktS3KOqds","Adele","Easy On Me","Columbia",1,112,628,"1600955"
102,"spotify:track:4rXLjWdF2ZZpXCVTfWcshS","Gunna","fukumean","300 Entertainment",6,106,357,"1594341"
103,"spotify:track:6dgUya35uo964z7GZXM07g","Sabrina Carpenter","Nonsense","Island Records",12,102,572,"1586640"
104,"spotify:track:2tudvzsrR56uom6smgOcSf","Future, Metro Boomin, Kendrick Lamar","Like That","Wilburn Holding Co./Boominati/Epic/Republic",4,101,145,"1579265"
105,"spotify:track:4ZJ4vzLQekI0WntDbanNC7","Zach Bryan","Pink Skies","Warner Records",18,95,82,"1551979"
106,"spotify:track:7yq4Qj7cqayVTp3FF9CWbm","Vance Joy","Riptide","F-Stop Records/Atlantic",28,100,1280,"1549040"
107,"spotify:track:5LhI8m7n8xlQmNe3b7Rwis","Natanael Cano, Oscar Maydon","Madonna","WEA Latina",15,123,148,"1545601"
108,"spotify:track:3xKsf9qdS1CyvXSMEid6g8","Frank Ocean","Pink + White","Boys Don't Cry",59,99,442,"1545591"
109,"spotify:track:3WSOUb3U7tqURbBSgZTrZX","Chappell Roan","Casual","Chappell Roan PS/ Island",109,124,28,"1543650"
110,"spotify:track:3hxIUxnT27p5WcmjGUXNwx","Hotel Ugly","Shut up My Moms Calling","Hotel Ugly, under exclusive license to Amuseio AB",63,105,578,"1540665"
111,"spotify:track:5eBk8ZXcd0pb0AO4a5PpOg","Sal Priadi","Gala bunga matahari","Orang Pertunjukan",93,127,10,"1535220"
112,"spotify:track:2tpWsVSb9UEmDRxAl1zhX1","OneRepublic","Counting Stars","Mosley / Interscope",78,122,1216,"1532474"
113,"spotify:track:7iUtQNMRB8ZkKC4AmEuCJC","Myke Towers","LA FALDA","WEA Latina",20,111,210,"1524294"
114,"spotify:track:1zi7xx7UVEFkmKfv06H8x0","Drake, Wizkid, Kyla","One Dance","Cash Money Records/Young Money Ent./Universal Rec.",5,108,1419,"1521042"
115,"spotify:track:2KslE17cAJNHTsI2MI0jb2","Jung Kook","Standing Next to You","BIGHIT MUSIC",1,120,283,"1520552"
116,"spotify:track:3KZCP2StVGdWkOKyRZNWA4","Plan B","Es un Secreto","Pina Records",82,121,270,"1515503"
117,"spotify:track:6wf7Yu7cxBSPrRlWeSeK0Q","Billie Eilish","What Was I Made For? [From The Motion Picture ""Barbie""]","Darkroom/Interscope Records",2,119,398,"1510145"
118,"spotify:track:5g7sDjBhZ4I3gcFIpkrLuI","Bruno Mars","Locked out of Heaven","Atlantic Records",32,116,786,"1508742"
119,"spotify:track:5RKQ5NdjSh2QzD4MaunT91","Journey","Don't Stop Believin' (2022 Remaster)","Columbia/Legacy",61,118,239,"1508226"
120,"spotify:track:2LBqCSwhJGcFQeTHMVGwy3","The Weeknd","Die For You","Universal Republic Records",9,114,923,"1507969"
121,"spotify:track:0RiRZpuVRbi7oqRdSMwhQY","Post Malone, Swae Lee","Sunflower - Spider-Man: Into the Spider-Verse","Republic Records",1,107,2071,"1498075"
122,"spotify:track:3dYD57lRAUcMHufyqn9GcI","Hozier","Take Me To Church","Universal-Island Records Ltd.",91,125,1025,"1490628"
123,"spotify:track:3ZFTkvIE7kyPt6Nu3PEa7V","Shakira, Wyclef Jean","Hips Don't Lie (feat. Wyclef Jean)","Epic",63,131,133,"1484041"
124,"spotify:track:0KKkJNfGyhkQ5aFogxQAPU","Bruno Mars","That's What I Like","Atlantic Records",5,132,702,"1483258"
125,"spotify:track:6jlG8gBPNAgBgoivw2Ig09","Tommy Richman","DEVIL IS A LIE","PULSE Records",38,142,58,"1475111"
126,"spotify:track:2a1o6ZejUi8U3wzzOtCOYw","Don Omar, Lucenzo","Danza Kuduro","UMLE - Machete",81,129,316,"1468439"
127,"spotify:track:0JXXNGljqupsJaZsgSbMZV","Miguel","Sure Thing","Jive",14,130,498,"1465745"
128,"spotify:track:3LWVXp636uLT356Rj08Jaz","Jimin","Be Mine","BIGHIT MUSIC",37,117,17,"1465362"
129,"spotify:track:0ll8uFnc0nANY35E0Lfxvg","Keane","Somewhere Only We Know","Universal-Island Records Ltd.",63,135,642,"1463020"
130,"spotify:track:4VQO1UdVIecQqB49PlANHz","Drake, Young Thug, 21 Savage","It's Up (feat. Young Thug & 21 Savage)","OVO/Republic",56,91,4,"1461203"
131,"spotify:track:0yc6Gst2xkRu0eMLeRMGCX","Cigarettes After Sex","Apocalypse","Partisan Records",69,126,736,"1450849"
132,"spotify:track:003vvx7Niy0yvhvHt4a68B","The Killers","Mr. Brightside","Island Records",59,133,1006,"1450305"
133,"spotify:track:7iQXYTyuG13aoeHxGG28Nh","Bad Bunny, Feid","PERRO NEGRO","Rimas Entertainment LLC",3,137,306,"1446948"
134,"spotify:track:3B54sVLJ402zGa6Xm4YGNe","French Montana, Swae Lee","Unforgettable","Bad Boy Entertainment/Epic Records",3,134,719,"1444483"
135,"spotify:track:1xK59OXxi2TAAAbmZK0kBL","d4vd","Romantic Homicide","Darkroom/Interscope Records",17,128,647,"1443940"
136,"spotify:track:4bw8mcDUSRWfQo63ZTYRnU","Maluma, Carin Leon","Según Quién","Sony Music Latin",16,146,252,"1441272"
137,"spotify:track:7j4OmvkjRz0PrjFADlHfQx","Adele","Set Fire to the Rain","XL Recordings",46,113,479,"1431272"
138,"spotify:track:1FEiijYPJtyswChfcpv3p0","Lana Del Rey","Summertime Sadness","Urban",74,136,724,"1430017"
139,"spotify:track:7DSAEUvxU8FajXtRloy8M0","Miley Cyrus","Flowers","Columbia",1,139,579,"1429975"
140,"spotify:track:3WMj8moIAXJhHsyLaqIIHI","Zach Bryan","Something in the Orange","Warner Records",53,138,582,"1424366"
141,"spotify:track:2Zo1PcszsT9WQ0ANntJbID","Sabrina Carpenter","Feather","Island Records",31,140,256,"1422915"
142,"spotify:track:2jPCbFrFlyGbKgblxub8Lm","The Outfield","Your Love","Columbia/Legacy",115,159,100,"1418523"
143,"spotify:track:7lQ8MOhq6IN2w8EYcFNSUk","Eminem","Without Me","Aftermath",29,151,1046,"1409990"
144,"spotify:track:52A0oY4u5ufxrHC85JGf4x","Shawn Mendes","Why Why Why","Shawn Mendes LP4-5 PS/ Island",60,144,5,"1407630"
145,"spotify:track:22skzmqfdWrjJylampe0kt","Macklemore, Ryan Lewis, Macklemore & Ryan Lewis, Ray Dalton","Can't Hold Us (feat. Ray Dalton)","Macklemore",57,148,873,"1406675"
146,"spotify:track:1dGr1c8CrMLDpV6mPbImSI","Taylor Swift","Lover","Taylor Swift",2,152,495,"1399362"
147,"spotify:track:5qaEfEh1AtSdrdrByCP7qR","Imagine Dragons","Demons","Kid Ina Korner / Interscope",94,154,594,"1394137"
148,"spotify:track:7BqBn9nzAq8spo5e7cZ0dJ","Bruno Mars","Just the Way You Are","Elektra (NEK)",32,153,584,"1390158"
149,"spotify:track:1odExI7RdWc4BT515LTAwj","David Kushner","Daylight","Miserable Music Group, LLC",4,155,485,"1383561"
150,"spotify:track:2N0SPREDYqILVEFSsWF5N5","V","Love Me Again","BIGHIT MUSIC",10,141,369,"1382030"
151,"spotify:track:70LcF31zb1H0PyJoS1Sx1r","Radiohead","Creep","XL Recordings",109,160,264,"1367858"
152,"spotify:track:7Fzl7QaTu47WyP9R5S5mh5","Morgan Wallen","Lies Lies Lies","Big Loud Records / Mercury Records / Republic Records",36,156,40,"1367329"
153,"spotify:track:4QNpBfC0zvjKqPJcyqBy9W","Pitbull, AFROJACK, Ne-Yo, Nayer","Give Me Everything (feat. Nayer)","Mr.305/Polo Grounds Music/J Records",112,158,102,"1365353"
154,"spotify:track:0GqAWZe1A5ecKadZrHk6XH","Stray Kids","Chk Chk Boom","Republic Records - Stray Kids",25,145,26,"1361774"
155,"spotify:track:5aIVCx5tnk0ntmdiinnYvw","Tyla","Water","FAX Records/Epic",8,149,330,"1353744"
156,"spotify:track:1JSTJqkT5qHq8MDJnJbRE1","The Police","Every Breath You Take","Polydor Records",52,163,1035,"1352972"
157,"spotify:track:7vv89PswQvqGKCGJ1rw5on","¥$, Kanye West, Ty Dolla $ign","FIELD TRIP","YZY",20,115,11,"1351257"
158,"spotify:track:1zv3WFUbZ5vPxFq9I2jAU1","Rihanna, Calvin Harris","We Found Love","Def Jam Recordings",18,157,497,"1349847"
159,"spotify:track:1aKvZDoLGkNMxoRYgkckZG","ILLIT","Magnetic","BELIFT LAB",10,150,142,"1344840"
160,"spotify:track:58ge6dfP91o9oXMzq3XkIS","Arctic Monkeys","505","Domino Recording Co",40,143,956,"1343796"
161,"spotify:track:3GCdLUSnKSMJhs4Tj6CV3s","Kendrick Lamar, SZA","All The Stars (with SZA)","Black Panther (TDE/DMG) PS",2,168,452,"1343056"
162,"spotify:track:7zOVh5fGpEwSbZd0g9z80B","Bernadya","Satu Bulan","Juni Records",153,183,3,"1335442"
163,"spotify:track:1ACA277B6f46DYCgZW8di3","Artemas","if u think i'm pretty","Artemas",42,170,70,"1334802"
164,"spotify:track:3GWUv0TDO5E3cHfsxYeptt","Peso Pluma, Kenia OS","TOMMY & PAMELA","2024 Double P Records",137,184,22,"1333059"
165,"spotify:track:7D0RhFcb3CrfPuTJ0obrod","Coldplay","Sparks","Parlophone UK",140,164,98,"1332409"
166,"spotify:track:28drn6tQo95MRvO0jQEo5C","Future, Metro Boomin, Travis Scott, Playboi Carti","Type Shit","Wilburn Holding Co./Boominati/Epic/Republic",5,166,145,"1320280"
167,"spotify:track:22DH8NChecsgPxDjA4pqer","Quavo, Lana Del Rey","Tough","Quality Control Music/Motown Records",16,174,42,"1317115"
168,"spotify:track:5lkpeJwmQKgY3bX2zChjxX","Adele","Someone Like You","XL Recordings",31,147,97,"1316142"
169,"spotify:track:42wdz3j7gstgUuhoFLCXqd","FloyyMenor","PELIGROSA","FloyyMenor under exclusive license to UnitedMasters LLC",169,-1,3,"1309860"
170,"spotify:track:1DIXPcTDzTj8ZMHt3PDt8p","Coolio, L.V.","Gangsta's Paradise","Tommy Boy Music, LLC",11,181,567,"1309246"
171,"spotify:track:6GG4yyk3UATdBfTHVgI8PB","Luke Combs","Ain't No Love In Oklahoma (From Twisters: The Album)","Atlantic Records",116,162,31,"1307602"
172,"spotify:track:3eekarcy7kvN4yt5ZFzltW","Travis Scott","HIGHEST IN THE ROOM","Cactus Jack/Epic",1,171,642,"1305501"
173,"spotify:track:6WTFHKrnZpwEBLRS10Ylqs","Dominic Fike","misses","Columbia",120,179,29,"1297457"
174,"spotify:track:5jFA0f4ZDGLbQP4nxzL8D4","Lomiiel","HAY LUPITA","Open Shift Distribution",68,161,29,"1293029"
175,"spotify:track:4fYte8ZvTK14NEhAOZocBi","OneRepublic","I Ain't Worried","Mosley Music/Interscope Records",7,191,785,"1289084"
176,"spotify:track:1LY3GhF0zxIVgbYEQjCbUO","Disturbed, CYRIL","The Sound of Silence - CYRIL Remix","Spinnin' Records",80,173,123,"1286954"
177,"spotify:track:2SiXAy7TuUkycRVbbWDEpo","AC/DC","You Shook Me All Night Long","Columbia",132,186,51,"1286830"
178,"spotify:track:0ZS96pPRLyGUViVi5PWCAR","FloyyMenor, Lewis Somes","APAGA EL CEL","FloyyMenor under exclusive license to UnitedMasters LLC",60,177,71,"1286173"
179,"spotify:track:0LZy30mVmxqUpdQmaXKXBd","Myke Towers, Bad Bunny","ADIVINO","WEA Latina",12,178,105,"1283653"
180,"spotify:track:6dBUzqjtbnIa1TwYbyw5CM","TV Girl","Lovers Rock","TV Girl",92,167,395,"1277291"
181,"spotify:track:2nMeu6UenVvwUktBCpLMK9","Lana Del Rey","Young And Beautiful","Polydor Records",155,172,40,"1271224"
182,"spotify:track:4R2kfaDFhslZEMJqAFNpdd","Taylor Swift","cardigan","Taylor Swift",1,182,507,"1269287"
183,"spotify:track:0Lmbke3KNVFXtoH2mMSHCw","Ariana Grande","the boy is mine","Republic Records",9,-1,121,"1266095"
184,"spotify:track:57lsYy0OZLNb5OQ7fEa3Hs","Ice Spice, Central Cee","Did It First (with Central Cee)","10K Projects/Capitol Records",35,169,33,"1264719"
185,"spotify:track:3mfER4ORePHvN35cbZ3dkV","Lost Frequencies, Calum Scott","Where Are You Now","Epic Amsterdam",17,195,516,"1264530"
186,"spotify:track:7K3BhSpAxZBznislvUMVtn","Morgan Wallen","Last Night","Big Loud Records / Mercury Records / Republic Records",10,165,540,"1263677"
187,"spotify:track:54zcJnb3tp9c5OVKREZ1Is","KAROL G","MI EX TENÍA RAZÓN","Bichota/Interscope Records",15,192,226,"1263396"
188,"spotify:track:60a0Rd6pjrkxjPbaKzXjfq","Linkin Park","In the End","Warner Records",7,-1,469,"1259107"
189,"spotify:track:0pqnGHJpmpxLKifKRmU6WP","Imagine Dragons","Believer","Kid Ina Korner / Interscope",15,188,2699,"1258311"
190,"spotify:track:0ntQJM78wzOLVeCUAW7Y45","Kings of Leon","Sex on Fire","RCA/Legacy",173,-1,13,"1250451"
191,"spotify:track:4Na2HfNSr58chvfX69fy36","Gunna","one of wun","300 Entertainment",49,-1,50,"1248905"
192,"spotify:track:6JIC3hbC28JZKZ8AlAqX8h","Elton John, Dua Lipa, PNAU","Cold Heart - PNAU Remix","EMI",2,200,1002,"1242325"
193,"spotify:track:1FlL8ycld6uVDDyhV7P5FA","Rauw Alejandro","Cúrame","Sony Music Latin/Duars Entertainment",34,-1,200,"1240542"
194,"spotify:track:7w87IxuO7BDcJ3YUqCyMTT","Foster The People","Pumped Up Kicks","Columbia",96,-1,50,"1240266"
195,"spotify:track:4waqcUQWdj0yH26STWl2Rq","La Oreja de Van Gogh","Rosas","Columbia",159,-1,9,"1237917"
196,"spotify:track:0nrRP2bk19rLc0orkWPQk2","Avicii","Wake Me Up","Universal Music AB",4,189,721,"1237242"
197,"spotify:track:5TXDeTFVRVY7Cvt0Dw4vWW","XXXTENTACION","Revenge","Bad Vibes Forever / EMPIRE",24,180,435,"1237015"
198,"spotify:track:6fPan2saHdFaIHuTSatORv","Billie Eilish","L’AMOUR DE MA VIE","Darkroom/Interscope Records",15,193,75,"1234770"
199,"spotify:track:53IRnAWx13PYmoVYtemUBS","Chappell Roan","Femininomenon","Chappell Roan PS/ Island",185,-1,5,"1233102"
200,"spotify:track:3USxtqRwSYz57Ewm6wWRMp","Glass Animals","Heat Waves","Polydor Records",1,198,1286,"1231082"
